河道地形							
420							
1	断面1872	970419	0.016				
矩形	3	6.6	70.403	78.403			
2	断面1873	970429	0.016				
矩形	3	6.6	70.337	78.337			
3	断面1874	970464	0.016				
梯形	1	11	70.202	78.124	2.5		
4	断面1875	970674	0.016				
矩形	3	6.6	70.179	77.979			
5	断面1876	971342	0.016				
梯形	1	13.5	70.0925	77.9925	2.5		
6	断面1877	972010	0.016				
梯形	1	13.5	70.067	77.966	2.5		
7	断面1878	972514.2222	0.016				
梯形	1	10	70.04511111	77.94411111	3		
8	断面1879	973018.4444	0.016				
梯形	1	10	70.02322222	77.92222222	3		
9	断面1880	973522.6667	0.016				
梯形	1	10	70.00133333	77.90033333	3		
10	断面1881	974026.8889	0.016				
梯形	1	10	69.97944444	77.87844444	3		
11	断面1882	974531.1111	0.016				
梯形	1	10	69.95755556	77.85655556	3		
12	断面1883	975035.3333	0.016				
梯形	1	10	69.93566667	77.83466667	3		
13	断面1884	975539.5556	0.016				
梯形	1	10	69.91377778	77.81277778	3		
14	断面1885	976043.7778	0.016				
梯形	1	10	69.89188889	77.79088889	3		
15	断面1886	976548	0.016				
梯形	1	10	69.87	77.771	3		
16	断面1887	977098	0.016				
梯形	1	10	69.867	77.768	3		
17	断面1888	977648	0.016				
梯形	1	10	69.864	77.765	3		
18	断面1889	978198	0.016				
梯形	1	10	69.861	77.762	3		
19	断面1890	980136	0.016				
梯形	1	21	69.987	76.878	3		
20	断面1891	980141	0.016				
梯形	1	21	69.987	76.878	3		
21	断面1892	980755.25	0.016				
梯形	1	21	69.9505	76.8415	3		
22	断面1893	981374.5	0.016				
梯形	1	21	69.914	76.805	3		
23	断面1894	981993.75	0.016				
梯形	1	21	69.8775	76.7685	3		
24	断面1895	982613	0.016				
梯形	1	21	69.841	76.732	3		
25	断面1896	983159.6667	0.016				
梯形	1	20	69.81916667	76.71016667	3		
26	断面1897	983706.3333	0.016				
梯形	1	20	69.79733333	76.68833333	3		
27	断面1898	984253	0.016				
梯形	1	20	69.7755	76.6665	3		
28	断面1899	984799.6667	0.016				
梯形	1	20	69.75366667	76.64466667	3		
29	断面1900	985346.3333	0.016				
梯形	1	20	69.73183333	76.62283333	3		
30	断面1901	985893	0.016				
梯形	1	20	69.71	76.606	3		
31	断面1902	986433	0.016				
梯形	1	23.5	69.6884	76.5844	2		
32	断面1903	986973	0.016				
梯形	1	23.5	69.6668	76.5628	2		
33	断面1904	987513	0.016				
梯形	1	23.5	69.6452	76.5412	2		
34	断面1905	988053	0.016				
梯形	1	23.5	69.6236	76.5196	2		
35	断面1906	988593	0.016				
梯形	1	23.5	69.602	76.496	2		
36	断面1907	989121.1111	0.016				
梯形	1	21.5	69.58488889	76.47888889	2.5		
37	断面1908	989649.2222	0.016				
梯形	1	21.5	69.56777778	76.46177778	2.5		
38	断面1909	990177.3333	0.016				
梯形	1	21.5	69.55066667	76.44466667	2.5		
39	断面1910	990705.4444	0.016				
梯形	1	21.5	69.53355556	76.42755556	2.5		
40	断面1911	991233.5556	0.016				
梯形	1	21.5	69.51644444	76.41044444	2.5		
41	断面1912	991761.6667	0.016				
梯形	1	21.5	69.49933333	76.39333333	2.5		
42	断面1913	992289.7778	0.016				
梯形	1	21.5	69.48222222	76.37622222	2.5		
43	断面1914	992817.8889	0.016				
梯形	1	21.5	69.46511111	76.35911111	2.5		
44	断面1915	993346	0.016				
梯形	1	21.5	69.448	76.347	2.5		
45	断面1916	993907.75	0.016				
梯形	1	21.5	69.4165	76.3155	2.5		
46	断面1917	994469.5	0.016				
梯形	1	21.5	69.385	76.284	2.5		
47	断面1918	995031.25	0.016				
梯形	1	21.5	69.3535	76.2525	2.5		
48	断面1919	995593	0.016				
梯形	1	21.5	69.322	76.225	2.5		
49	断面1920	996093	0.016				
梯形	1	23.5	69.302	76.205	2		
50	断面1921	996593	0.016				
梯形	1	23.5	69.282	76.185	2		
51	断面1922	997093	0.016				
梯形	1	23.5	69.262	76.165	2		
52	断面1923	997593	0.016				
梯形	1	23.5	69.242	76.146	2		
53	断面1924	998157.4	0.016				
梯形	1	21.5	69.2194	76.1234	2.5		
54	断面1925	998721.8	0.016				
梯形	1	21.5	69.1968	76.1008	2.5		
55	断面1926	999286.2	0.016				
梯形	1	21.5	69.1742	76.0782	2.5		
56	断面1927	999850.6	0.016				
梯形	1	21.5	69.1516	76.0556	2.5		
57	断面1928	1000415	0.016				
梯形	1	21.5	69.129	76.038	2.5		
58	断面1929	1002189	0.016				
梯形	1	21.5	69.879	75.788	2.5		
59	断面1930	1002194	0.016				
梯形	1	21.5	69.879	75.788	2.5		
60	断面1931	1002746.714	0.016				
梯形	1	21.5	69.707	75.616	2.5		
61	断面1932	1003304.429	0.016				
梯形	1	21.5	69.535	75.444	2.5		
62	断面1933	1003862.143	0.016				
梯形	1	21.5	69.363	75.272	2.5		
63	断面1934	1004419.857	0.016				
梯形	1	21.5	69.191	75.1	2.5		
64	断面1935	1004977.571	0.016				
梯形	1	21.5	69.019	74.928	2.5		
65	断面1936	1005535.286	0.016				
梯形	1	21.5	68.847	74.756	2.5		
66	断面1937	1006093	0.016				
梯形	1	21.5	68.675	75.59	2.5		
67	断面1938	1006794.5	0.016				
梯形	1	20	68.672	75.587	3		
68	断面1939	1007496	0.016				
梯形	1	20	68.669	75.584	3		
69	断面1940	1008015.4	0.016				
梯形	1	20	68.6382	75.5532	3		
70	断面1941	1008534.8	0.016				
梯形	1	20	68.6074	75.5224	3		
71	断面1942	1009054.2	0.016				
梯形	1	20	68.5766	75.4916	3		
72	断面1943	1009573.6	0.016				
梯形	1	20	68.5458	75.4608	3		
73	断面1944	1010093	0.016				
梯形	1	20	68.515	75.441	3		
74	断面1945	1010633	0.016				
梯形	1	21.5	68.49342857	75.41942857	2.5		
75	断面1946	1011173	0.016				
梯形	1	21.5	68.47185714	75.39785714	2.5		
76	断面1947	1011713	0.016				
梯形	1	21.5	68.45028571	75.37628571	2.5		
77	断面1948	1012253	0.016				
梯形	1	21.5	68.42871429	75.35471429	2.5		
78	断面1949	1012793	0.016				
梯形	1	21.5	68.40714286	75.33314286	2.5		
79	断面1950	1013333	0.016				
梯形	1	21.5	68.38557143	75.31157143	2.5		
80	断面1951	1013873	0.016				
梯形	1	21.5	68.364	75.293	2.5		
81	断面1952	1014499.5	0.016				
梯形	1	21.5	68.362	75.291	2.5		
82	断面1953	1015126	0.016				
梯形	1	21.5	68.36	75.29	2.5		
83	断面1954	1017430	0.016				
梯形	1	21.5	67.574	74.504	2.5		
84	断面1955	1017435	0.016				
梯形	1	21.5	67.574	74.504	2.5		
85	断面1956	1017798	0.016				
梯形	1	21.5	67.51	74.442	2.5		
86	断面1957	1018309.188	0.016				
梯形	1	20	67.4895625	74.4215625	3		
87	断面1958	1018820.375	0.016				
梯形	1	20	67.469125	74.401125	3		
88	断面1959	1019331.563	0.016				
梯形	1	20	67.4486875	74.3806875	3		
89	断面1960	1019842.75	0.016				
梯形	1	20	67.42825	74.36025	3		
90	断面1961	1020353.938	0.016				
梯形	1	20	67.4078125	74.3398125	3		
91	断面1962	1020865.125	0.016				
梯形	1	20	67.387375	74.319375	3		
92	断面1963	1021376.313	0.016				
梯形	1	20	67.3669375	74.2989375	3		
93	断面1964	1021887.5	0.016				
梯形	1	20	67.3465	74.2785	3		
94	断面1965	1022398.688	0.016				
梯形	1	20	67.3260625	74.2580625	3		
95	断面1966	1022909.875	0.016				
梯形	1	20	67.305625	74.237625	3		
96	断面1967	1023421.063	0.016				
梯形	1	20	67.2851875	74.2171875	3		
97	断面1968	1023932.25	0.016				
梯形	1	20	67.26475	74.19675	3		
98	断面1969	1024443.438	0.016				
梯形	1	20	67.2443125	74.1763125	3		
99	断面1970	1024954.625	0.016				
梯形	1	20	67.223875	74.155875	3		
100	断面1971	1025465.813	0.016				
梯形	1	20	67.2034375	74.1354375	3		
101	断面1972	1025977	0.016				
梯形	1	20	67.183	74.14	3		
102	断面1973	1026150	0.016				
矩形	3	6.3	67.026	75.026			
103	断面1974	1026663.222	0.016				
梯形	1	21.5	67.011	73.956	2.5		
104	断面1975	1027176.444	0.016				
梯形	1	21.5	66.996	73.941	2.5		
105	断面1976	1027689.667	0.016				
梯形	1	21.5	66.981	73.926	2.5		
106	断面1977	1028202.889	0.016				
梯形	1	21.5	66.966	73.911	2.5		
107	断面1978	1028716.111	0.016				
梯形	1	21.5	66.951	73.896	2.5		
108	断面1979	1029229.333	0.016				
梯形	1	21.5	66.936	73.881	2.5		
109	断面1980	1029742.556	0.016				
梯形	1	21.5	66.921	73.866	2.5		
110	断面1981	1030255.778	0.016				
梯形	1	21.5	66.906	73.851	2.5		
111	断面1982	1030769	0.016				
梯形	1	21.5	66.891	73.844	2.5		
112	断面1983	1031350.5	0.016				
梯形	1	20	66.85933333	73.81233333	2.5		
113	断面1984	1031932	0.016				
梯形	1	20	66.82766667	73.78066667	2.5		
114	断面1985	1032513.5	0.016				
梯形	1	20	66.796	73.749	2.5		
115	断面1986	1033095	0.016				
梯形	1	20	66.76433333	73.71733333	2.5		
116	断面1987	1033676.5	0.016				
梯形	1	20	66.73266667	73.68566667	2.5		
117	断面1988	1034258	0.016				
梯形	1	20	66.701	73.668	2.5		
118	断面1989	1035955	0.016				
梯形	1	20	66.516	73.483	2.5		
119	断面1990	1036023	0.016				
梯形	1	20	66.515	73.481	2.5		
120	断面1991	1036811	0.016				
梯形	1	16.5	66.488	73.446	2.5		
121	断面1992	1036963	0.016				
梯形	1	16.5	66.321	73.281	2.5		
122	断面1993	1036968	0.016				
梯形	1	16.5	66.321	73.281	2.5		
123	断面1994	1037475	0.016				
梯形	1	16.5	66.3025	73.2625	2.5		
124	断面1995	1037987	0.016				
梯形	1	16.5	66.284	73.245	2.5		
125	断面1996	1038535.3	0.016				
梯形	1	15	66.2564	73.2174	3		
126	断面1997	1039083.6	0.016				
梯形	1	15	66.2288	73.1898	3		
127	断面1998	1039631.9	0.016				
梯形	1	15	66.2012	73.1622	3		
128	断面1999	1040180.2	0.016				
梯形	1	15	66.1736	73.1346	3		
129	断面2000	1040728.5	0.016				
梯形	1	15	66.146	73.107	3		
130	断面2001	1041276.8	0.016				
梯形	1	15	66.1184	73.0794	3		
131	断面2002	1041825.1	0.016				
梯形	1	15	66.0908	73.0518	3		
132	断面2003	1042373.4	0.016				
梯形	1	15	66.0632	73.0242	3		
133	断面2004	1042921.7	0.016				
梯形	1	15	66.0356	72.9966	3		
134	断面2005	1043470	0.016				
梯形	1	15	66.008	72.99	3		
135	断面2006	1044146	0.016				
梯形	1	15	66.003	72.985	3		
136	断面2007	1044822	0.016				
梯形	1	15	65.998	72.981	3		
137	断面2008	1046196	0.016				
梯形	1	21.5	65.785	72.468	2.5		
138	断面2009	1046252	0.016				
梯形	1	21.5	65.953	72.438	2.5		
139	断面2010	1046257	0.012				
梯形	1	21.5	65.953	72.438	2.5		
140	断面2011	1046771.905	0.012				
梯形	1	23	65.93128571	72.41628571	2		
141	断面2012	1047291.81	0.012				
梯形	1	23	65.90957143	72.39457143	2		
142	断面2013	1047811.714	0.012				
梯形	1	23	65.88785714	72.37285714	2		
143	断面2014	1048331.619	0.012				
梯形	1	23	65.86614286	72.35114286	2		
144	断面2015	1048851.524	0.012				
梯形	1	23	65.84442857	72.32942857	2		
145	断面2016	1049371.429	0.012				
梯形	1	23	65.82271429	72.30771429	2		
146	断面2017	1049891.333	0.012				
梯形	1	23	65.801	72.286	2		
147	断面2018	1050411.238	0.012				
梯形	1	23	65.77928571	72.26428571	2		
148	断面2019	1050931.143	0.012				
梯形	1	23	65.75757143	72.24257143	2		
149	断面2020	1051451.048	0.012				
梯形	1	23	65.73585714	72.22085714	2		
150	断面2021	1051970.952	0.012				
梯形	1	23	65.71414286	72.19914286	2		
151	断面2022	1052490.857	0.012				
梯形	1	23	65.69242857	72.17742857	2		
152	断面2023	1053010.762	0.012				
梯形	1	23	65.67071429	72.15571429	2		
153	断面2024	1053530.667	0.012				
梯形	1	23	65.649	72.134	2		
154	断面2025	1054050.571	0.012				
梯形	1	23	65.62728571	72.11228571	2		
155	断面2026	1054570.476	0.012				
梯形	1	23	65.60557143	72.09057143	2		
156	断面2027	1055090.381	0.012				
梯形	1	23	65.58385714	72.06885714	2		
157	断面2028	1055610.286	0.012				
梯形	1	23	65.56214286	72.04714286	2		
158	断面2029	1056130.19	0.012				
梯形	1	23	65.54042857	72.02542857	2		
159	断面2030	1056650.095	0.012				
梯形	1	23	65.51871429	72.00371429	2		
160	断面2031	1057170	0.012				
梯形	1	23	65.497	72.006	2		
161	断面2032	1057820	0.012				
梯形	1	21.5	65.45766667	71.96666667	2.5		
162	断面2033	1058470	0.012				
梯形	1	21.5	65.41833333	71.92733333	2.5		
163	断面2034	1059120	0.012				
梯形	1	21.5	65.379	71.9	2.5		
164	断面2035	1059682.75	0.012				
梯形	1	21.5	65.3785	71.8995	2.5		
165	断面2036	1060245.5	0.012				
梯形	1	21.5	65.378	71.899	2.5		
166	断面2037	1060808.25	0.012				
梯形	1	21.5	65.3775	71.8985	2.5		
167	断面2038	1061371	0.012				
梯形	1	21.5	65.377	71.898	2.5		
168	断面2039	1062020.5	0.012				
梯形	1	18.5	65.3145	71.8355	2.5		
169	断面2040	1062670	0.012				
梯形	1	18.5	65.252	71.786	2.5		
170	断面2041	1063183.333	0.012				
梯形	1	21.5	65.2348	71.7688	2.5		
171	断面2042	1063696.667	0.012				
梯形	1	21.5	65.2176	71.7516	2.5		
172	断面2043	1064210	0.012				
梯形	1	21.5	65.2004	71.7344	2.5		
173	断面2044	1064723.333	0.012				
梯形	1	21.5	65.1832	71.7172	2.5		
174	断面2045	1065236.667	0.012				
梯形	1	21.5	65.166	71.7	2.5		
175	断面2046	1065750	0.012				
梯形	1	21.5	65.1488	71.6828	2.5		
176	断面2047	1066263.333	0.012				
梯形	1	21.5	65.1316	71.6656	2.5		
177	断面2048	1066776.667	0.012				
梯形	1	21.5	65.1144	71.6484	2.5		
178	断面2049	1067290	0.012				
梯形	1	21.5	65.0972	71.6312	2.5		
179	断面2050	1067803.333	0.012				
梯形	1	21.5	65.08	71.614	2.5		
180	断面2051	1068316.667	0.012				
梯形	1	21.5	65.0628	71.5968	2.5		
181	断面2052	1068830	0.012				
梯形	1	21.5	65.0456	71.5796	2.5		
182	断面2053	1069343.333	0.012				
梯形	1	21.5	65.0284	71.5624	2.5		
183	断面2054	1069856.667	0.012				
梯形	1	21.5	65.0112	71.5452	2.5		
184	断面2055	1070370	0.012				
梯形	1	21.5	64.994	71.539	2.5		
185	断面2056	1071103.5	0.012				
梯形	1	21.5	64.9655	71.5105	2.5		
186	断面2057	1071837	0.012				
梯形	1	21.5	64.937	71.485	2.5		
187	断面2058	1071842	0.012				
梯形	1	21.5	64.937	71.485	2.5		
188	断面2059	1071877	0.012				
矩形	3	7	65.151	72.151			
189	断面2060	1071897	0.012				
矩形	3	7	65.105	72.105			
190	断面2061	1072442.3	0.012				
梯形	1	21.5	64.7761	71.3121	2.5		
191	断面2062	1072987.6	0.012				
梯形	1	21.5	64.7552	71.2912	2.5		
192	断面2063	1073532.9	0.012				
梯形	1	21.5	64.7343	71.2703	2.5		
193	断面2064	1074078.2	0.012				
梯形	1	21.5	64.7134	71.2494	2.5		
194	断面2065	1074623.5	0.012				
梯形	1	21.5	64.6925	71.2285	2.5		
195	断面2066	1075168.8	0.012				
梯形	1	21.5	64.6716	71.2076	2.5		
196	断面2067	1075714.1	0.012				
梯形	1	21.5	64.6507	71.1867	2.5		
197	断面2068	1076259.4	0.012				
梯形	1	21.5	64.6298	71.1658	2.5		
198	断面2069	1076804.7	0.012				
梯形	1	21.5	64.6089	71.1449	2.5		
199	断面2070	1077350	0.012				
梯形	1	21.5	64.588	71.144	2.5		
200	断面2071	1077540	0.012				
梯形	1	21.5	64.531	71.092	2.5		
201	断面2072	1078320	0.012				
梯形	1	20	64.492	71.056	2		
202	断面2073	1078944.5	0.012				
梯形	1	20	64.4725	71.0365	2		
203	断面2074	1079569	0.012				
梯形	1	20	64.453	71.019	2		
204	断面2075	1080184.667	0.012				
梯形	1	23	64.42233333	70.98833333	2		
205	断面2076	1080800.333	0.012				
梯形	1	23	64.39166667	70.95766667	2		
206	断面2077	1081416	0.012				
梯形	1	23	64.361	70.942	2		
207	断面2078	1081926	0.012				
梯形	1	18.5	64.33566667	70.91666667	2.5		
208	断面2079	1082436	0.012				
梯形	1	18.5	64.31033333	70.89133333	2.5		
209	断面2080	1082946	0.012				
梯形	1	18.5	64.285	70.871	2.5		
210	断面2081	1083425	0.012				
梯形	1	21.5	64.266	70.86	2.5		
211	断面2082	1084050	0.012				
梯形	1	21.5	64.265	70.859	2.5		
212	断面2083	1084675	0.012				
梯形	1	21.5	64.264	70.859	2.5		
213	断面2084	1084680	0.012				
梯形	1	21.5	64.264	70.859	2.5		
214	断面2085	1085044	0.012				
梯形	1	21	64.14	70.729	2		
215	断面2086	1085587	0.012				
梯形	1	21	64.1	70.689	2		
216	断面2087	1086130	0.012				
梯形	1	21	64.06	70.649	2		
217	断面2088	1086673	0.012				
梯形	1	21	64.02	70.609	2		
218	断面2089	1087216	0.012				
梯形	1	21	63.98	70.586	2		
219	断面2090	1087843.5	0.012				
梯形	1	20	63.9485	70.5545	2		
220	断面2091	1088471	0.012				
梯形	1	20	63.917	70.535	2		
221	断面2092	1089016.4	0.012				
梯形	1	23	63.8952	70.5132	2		
222	断面2093	1089561.8	0.012				
梯形	1	23	63.8734	70.4914	2		
223	断面2094	1090107.2	0.012				
梯形	1	23	63.8516	70.4696	2		
224	断面2095	1090652.6	0.012				
梯形	1	23	63.8298	70.4478	2		
225	断面2096	1091198	0.012				
梯形	1	23	63.808	70.439	2		
226	断面2097	1091845.667	0.012				
梯形	1	18.5	63.77566667	70.40666667	2.5		
227	断面2098	1092493.333	0.012				
梯形	1	18.5	63.74333333	70.37433333	2.5		
228	断面2099	1093141	0.012				
梯形	1	18.5	63.711	70.355	2.5		
229	断面2100	1093648	0.012				
城门形	2	7.5	62.679	6.2	4.33		
230	断面2101	1094155	0.012				
城门形	2	7.5	62.647	6.2	4.33		
231	断面2102	1094662	0.012				
城门形	2	7.5	62.615	6.2	4.33		
232	断面2103	1095169	0.012				
城门形	2	7.5	62.583	6.2	4.33		
233	断面2104	1095256	0.012				
梯形	1	18.5	63.441	70.075	2.5		
234	断面2105	1095819.333	0.012				
城门形	2	7.5	62.415	6.2	4.33		
235	断面2106	1096382.667	0.012				
城门形	2	7.5	62.389	6.2	4.33		
236	断面2107	1096946	0.012				
城门形	2	7.5	62.363	6.2	4.33		
237	断面2108	1097584	0.012				
梯形	1	21.5	63.09	69.647	2.5		
238	断面2109	1098493	0.012				
梯形	1	21.5	63.05	69.61	2.5		
239	断面2110	1099079.8	0.012				
梯形	1	18.5	63.0204	69.5804	2.5		
240	断面2111	1099666.6	0.012				
梯形	1	18.5	62.9908	69.5508	2.5		
241	断面2112	1100253.4	0.012				
梯形	1	18.5	62.9612	69.5212	2.5		
242	断面2113	1100840.2	0.012				
梯形	1	18.5	62.9316	69.4916	2.5		
243	断面2114	1101427	0.012				
梯形	1	18.5	62.902	69.482	2.5		
244	断面2115	1102004.2	0.012				
梯形	1	21.5	62.878	69.458	2.5		
245	断面2116	1102581.4	0.012				
梯形	1	21.5	62.854	69.434	2.5		
246	断面2117	1103158.6	0.012				
梯形	1	21.5	62.83	69.41	2.5		
247	断面2118	1103735.8	0.012				
梯形	1	21.5	62.806	69.386	2.5		
248	断面2119	1104313	0.012				
梯形	1	21.5	62.782	69.378	2.5		
249	断面2120	1104685	0.012				
梯形	1	19.5	62.775	69.367	2.5		
250	断面2121	1105239.25	0.012				
城门形	2	7.8	61.9805	5.9	4.503		
251	断面2122	1105793.5	0.012				
城门形	2	7.8	61.886	5.9	4.503		
252	断面2123	1106347.75	0.012				
城门形	2	7.8	61.7915	5.9	4.503		
253	断面2124	1106902	0.012				
城门形	2	7.8	61.697	5.9	4.503		
254	断面2125	1107449.75	0.012				
梯形	1	19.5	62.306	68.869	2.5		
255	断面2126	1107997.5	0.012				
梯形	1	19.5	62.285	68.848	2.5		
256	断面2127	1108545.25	0.012				
梯形	1	19.5	62.264	68.827	2.5		
257	断面2128	1109093	0.012				
梯形	1	19.5	62.243	68.815	2.5		
258	断面2129	1109621	0.012				
矩形	3	6	62.131	67.531			
259	断面2130	1110149	0.012				
矩形	3	6	61.848	67.248			
260	断面2131	1110179	0.012				
梯形	1	26.5	61.524	68.046	2		
261	断面2132	1110810.667	0.012				
梯形	1	26.5	61.512	68.034	2		
262	断面2133	1111442.333	0.012				
梯形	1	26.5	61.5	68.022	2		
263	断面2134	1111447.333	0.012				
梯形	1	26.5	61.5	68.022	2		
264	断面2135	1112074	0.012				
梯形	1	26.5	61.488	68.01	2		
265	断面2136	1112666.667	0.012				
城门形	2	7.8	60.502	6	4.503		
266	断面2137	1113259.333	0.012				
城门形	2	7.8	60.416	6	4.503		
267	断面2138	1113852	0.012				
城门形	2	7.8	60.33	6	4.503		
268	断面2139	1114195	0.012				
梯形	1	22.5	61.118	67.61	2.75		
269	断面2140	1114722.333	0.012				
梯形	1	20.5	61.09933333	67.59133333	2		
270	断面2141	1115249.667	0.012				
梯形	1	20.5	61.08066667	67.57266667	2		
271	断面2142	1115777	0.012				
梯形	1	20.5	61.062	67.567	2		
272	断面2143	1116505.5	0.012				
梯形	1	17	61.037	67.542	2.5		
273	断面2144	1117234	0.012				
梯形	1	17	61.012	67.521	2.5		
274	断面2145	1117250	0.012				
梯形	1	25	60.966	67.466	3		
275	断面2146	1117631	0.012				
梯形	1	25	60.939	67.442	3		
276	断面2147	1117864	0.012				
梯形	1	17	60.894	67.409	2.5		
277	断面2148	1118414.857	0.012				
梯形	1	19.5	60.87685714	67.39185714	2.5		
278	断面2149	1118965.714	0.012				
梯形	1	19.5	60.85971429	67.37471429	2.5		
279	断面2150	1119516.571	0.012				
梯形	1	19.5	60.84257143	67.35757143	2.5		
280	断面2151	1120067.429	0.012				
梯形	1	19.5	60.82542857	67.34042857	2.5		
281	断面2152	1120618.286	0.012				
梯形	1	19.5	60.80828571	67.32328571	2.5		
282	断面2153	1121169.143	0.012				
梯形	1	19.5	60.79114286	67.30614286	2.5		
283	断面2154	1121720	0.012				
梯形	1	19.5	60.774	67.305	2.5		
284	断面2155	1121840	0.012				
梯形	1	14.5	60.773	67.291	2.5		
285	断面2156	1121845	0.012				
梯形	1	14.5	60.773	67.291	2.5		
286	断面2157	1121870	0.012				
梯形	1	14.5	60.773	67.291	2.5		
287	断面2158	1122377	0.012				
梯形	1	14.5	60.70533333	67.22333333	2.5		
288	断面2159	1122884	0.012				
梯形	1	14.5	60.63766667	67.15566667	2.5		
289	断面2160	1123391	0.012				
梯形	1	14.5	60.57	67.024	2.5		
290	断面2161	1123978.8	0.012				
梯形	1	16.5	60.5504	67.0044	2.5		
291	断面2162	1124566.6	0.012				
梯形	1	16.5	60.5308	66.9848	2.5		
292	断面2163	1125154.4	0.012				
梯形	1	16.5	60.5112	66.9652	2.5		
293	断面2164	1125742.2	0.012				
梯形	1	16.5	60.4916	66.9456	2.5		
294	断面2165	1126330	0.012				
梯形	1	16.5	60.472	66.921	2.5		
295	断面2166	1126585	0.012				
梯形	1	17	60.459	66.888	1		
296	断面2167	1127139.429	0.012				
城门形	2	7.3	59.81	5.7	4.215		
297	断面2168	1127693.857	0.012				
城门形	2	7.3	59.761	5.7	4.215		
298	断面2169	1128248.286	0.012				
城门形	2	7.3	59.712	5.7	4.215		
299	断面2170	1128802.714	0.012				
城门形	2	7.3	59.663	5.7	4.215		
300	断面2171	1129357.143	0.012				
城门形	2	7.3	59.614	5.7	4.215		
301	断面2172	1129911.571	0.012				
城门形	2	7.3	59.565	5.7	4.215		
302	断面2173	1130466	0.012				
城门形	2	7.3	59.516	5.7	4.215		
303	断面2174	1130652	0.012				
梯形	1	17	60.043	66.416	1		
304	断面2175	1131392	0.012				
梯形	1	18	60.003	66.364	2		
305	断面2176	1132076.5	0.012				
梯形	1	19.5	59.985	66.346	1		
306	断面2177	1132761	0.012				
梯形	1	19.5	59.967	66.329	1		
307	断面2178	1133328.25	0.012				
梯形	1	18	59.94725	66.30925	2		
308	断面2179	1133895.5	0.012				
梯形	1	18	59.9275	66.2895	2		
309	断面2180	1134462.75	0.012				
梯形	1	18	59.90775	66.26975	2		
310	断面2181	1135030	0.012				
梯形	1	18	59.888	66.212	2		
311	断面2182	1135048	0.012				
梯形	1	9	59.877	66.208	2		
312	断面2183	1135750	0.012				
梯形	1	11	59.868	66.183	1		
313	断面2184	1136841	0.012				
梯形	1	10	59.767	65.882	2		
314	断面2185	1136846	0.012				
梯形	1	10	59.767	65.882	2		
315	断面2186	1136905	0.012				
梯形	1	10	59.544	65.655	2		
316	断面2187	1137419.583	0.012				
梯形	1	11	59.54141667	65.65241667	1.5		
317	断面2188	1137934.167	0.012				
梯形	1	11	59.53883333	65.64983333	1.5		
318	断面2189	1138448.75	0.012				
梯形	1	11	59.53625	65.64725	1.5		
319	断面2190	1138963.333	0.012				
梯形	1	11	59.53366667	65.64466667	1.5		
320	断面2191	1139477.917	0.012				
梯形	1	11	59.53108333	65.64208333	1.5		
321	断面2192	1139992.5	0.012				
梯形	1	11	59.5285	65.6395	1.5		
322	断面2193	1140507.083	0.012				
梯形	1	11	59.52591667	65.63691667	1.5		
323	断面2194	1141021.667	0.012				
梯形	1	11	59.52333333	65.63433333	1.5		
324	断面2195	1141536.25	0.012				
梯形	1	11	59.52075	65.63175	1.5		
325	断面2196	1142050.833	0.012				
梯形	1	11	59.51816667	65.62916667	1.5		
326	断面2197	1142565.417	0.012				
梯形	1	11	59.51558333	65.62658333	1.5		
327	断面2198	1143080	0.012				
梯形	1	11	59.513	65.616	1.5		
328	断面2199	1143608	0.012				
梯形	1	13	59.492	65.592	0.75		
329	断面2200	1144110.75	0.012				
梯形	1	7.5	59.47275	65.57275	2.5		
330	断面2201	1144613.5	0.012				
梯形	1	7.5	59.4535	65.5535	2.5		
331	断面2202	1145116.25	0.012				
梯形	1	7.5	59.43425	65.53425	2.5		
332	断面2203	1145619	0.012				
梯形	1	7.5	59.415	65.518	2.5		
333	断面2204	1147493	0.012				
梯形	1	7.5	59.207	65.31	2.5		
334	断面2205	1148029	0.012				
梯形	1	7.5	59.11	65.213	2.5		
335	断面2206	1148565	0.012				
梯形	1	7.5	59.013	65.126	2.5		
336	断面2207	1149129.429	0.012				
梯形	1	12	59.01085714	65.12385714	1		
337	断面2208	1149693.857	0.012				
梯形	1	12	59.00871429	65.12171429	1		
338	断面2209	1150258.286	0.012				
梯形	1	12	59.00657143	65.11957143	1		
339	断面2210	1150822.714	0.012				
梯形	1	12	59.00442857	65.11742857	1		
340	断面2211	1151387.143	0.012				
梯形	1	12	59.00228571	65.11528571	1		
341	断面2212	1151951.571	0.012				
梯形	1	12	59.00014286	65.11314286	1		
342	断面2213	1152516	0.012				
梯形	1	12	58.998	65.1	1		
343	断面2214	1153326	0.012				
城门形	2	4.9	58.877	4.7	2.829		
344	断面2215	1153658	0.012				
梯形	1	11.5	58.789	64.855	1		
345	断面2216	1153908	0.012				
梯形	1	9	58.739	64.809	2		
346	断面2217	1154533	0.012				
梯形	1	11	58.7075	64.7775	1		
347	断面2218	1155158	0.012				
梯形	1	11	58.676	64.739	1		
348	断面2219	1155786	0.012				
梯形	1	7.5	58.676	64.739	2.5		
349	断面2220	1156414	0.012				
梯形	1	7.5	58.676	64.739	2.5		
350	断面2221	1157002	0.012				
梯形	1	7.5	58.652	64.723	2.5		
351	断面2222	1157130	0.012				
梯形	1	7.5	58.649	64.721	2.5		
352	断面2223	1157652	0.012				
梯形	1	7.5	58.542	64.589	2.5		
353	断面2224	1157657	0.012				
梯形	1	7.5	58.542	64.589	2.5		
354	断面2225	1158224.6	0.012				
梯形	1	7.5	58.5196	64.5666	2.5		
355	断面2226	1158797.2	0.012				
梯形	1	7.5	58.4972	64.5442	2.5		
356	断面2227	1159369.8	0.012				
梯形	1	7.5	58.4748	64.5218	2.5		
357	断面2228	1159942.4	0.012				
梯形	1	7.5	58.4524	64.4994	2.5		
358	断面2229	1160515	0.012				
梯形	1	7.5	58.43	64.477	2.5		
359	断面2230	1161275	0.012				
梯形	1	11	58.39	64.427	1		
360	断面2231	1161912	0.012				
梯形	1	7.5	58.365	64.402	2.5		
361	断面2232	1162549	0.012				
梯形	1	7.5	58.34	64.377	2.5		
362	断面2233	1163186	0.012				
梯形	1	7.5	58.315	64.354	2.5		
363	断面2234	1163417	0.012				
梯形	1	7.5	58.246	64.282	2.5		
364	断面2235	1164065.5	0.012				
梯形	1	7.5	58.223	64.259	2.5		
365	断面2236	1164714	0.012				
梯形	1	7.5	58.2	64.235	2.5		
366	断面2237	1165271.25	0.012				
梯形	1	11	58.17	64.205	1		
367	断面2238	1165828.5	0.012				
梯形	1	11	58.14	64.175	1		
368	断面2239	1166385.75	0.012				
梯形	1	11	58.11	64.145	1		
369	断面2240	1166943	0.012				
梯形	1	11	58.08	64.103	1		
370	断面2241	1167548	0.012				
梯形	1	8	58.0545	64.0775	2		
371	断面2242	1168153	0.012				
梯形	1	8	58.029	64.053	2		
372	断面2243	1168711	0.012				
梯形	1	7	58.006	64.03	2.5		
373	断面2244	1169269	0.012				
梯形	1	7	57.983	64.007	2.5		
374	断面2245	1169827	0.012				
梯形	1	7	57.96	63.978	2.5		
375	断面2246	1170164	0.012				
梯形	1	7	57.866	63.882	2.5		
376	断面2247	1170819.333	0.012				
梯形	1	7	57.84	63.856	2.5		
377	断面2248	1171474.667	0.012				
梯形	1	7	57.814	63.83	2.5		
378	断面2249	1172130	0.012				
梯形	1	7	57.788	63.791	2.5		
379	断面2250	1172412	0.012				
梯形	1	7.5	57.696	63.676	2.5		
380	断面2251	1172417	0.012				
梯形	1	7.5	57.696	63.676	2.5		
381	断面2252	1172438	0.012				
梯形	1	7.5	57.615	63.586	2.5		
382	断面2253	1172947.667	0.012				
梯形	1	13	57.60166667	63.57266667	0.5		
383	断面2254	1173457.333	0.012				
梯形	1	13	57.58833333	63.55933333	0.5		
384	断面2255	1173967	0.012				
梯形	1	13	57.575	63.533	0.5		
385	断面2256	1174517	0.012				
梯形	1	7.5	57.5475	63.5055	2		
386	断面2257	1175067	0.012				
梯形	1	7.5	57.52	63.476	2		
387	断面2258	1175767	0.012				
梯形	1	13	57.485	63.441	0.5		
388	断面2259	1176467	0.012				
梯形	1	13	57.45	63.393	0.5		
389	断面2260	1176967	0.012				
梯形	1	9	57.43	63.373	2		
390	断面2261	1177467	0.012				
梯形	1	9	57.41	63.356	2		
391	断面2262	1177803	0.012				
梯形	1	12.5	57.395	63.328	0.75		
392	断面2263	1178319.25	0.012				
马蹄形	2	3.2	4.237	6.4	56.7755	80.4	22
393	断面2264	1178835.5	0.012				
马蹄形	2	3.2	4.237	6.4	56.755	80.4	22
394	断面2265	1179351.75	0.012				
马蹄形	2	3.2	4.237	6.4	56.7345	80.4	22
395	断面2266	1179868	0.012				
马蹄形	2	3.2	4.237	6.4	56.714	80.4	22
396	断面2267	1179890	0.012				
梯形	1	13	57.189	63.188	0.75		
397	断面2268	1180707	0.012				
梯形	1	8.5	57.168	63.168	2		
398	断面2269	1181386	0.012				
梯形	1	8.5	57.114	63.114	2		
399	断面2270	1182065	0.012				
梯形	1	8.5	57.06	63.049	2		
400	断面2271	1182635	0.012				
梯形	1	7	57.036	62.985	2.5		
401	断面2272	1183476	0.012				
梯形	1	7	57.001	62.983	2.5		
402	断面2273	1183576	0.012				
梯形	1	7.5	56.997	62.983	2.5		
403	断面2274	1184144.5	0.012				
矩形	2	6	57.3545	61.9545			
404	断面2275	1184713	0.012				
矩形	2	6	57.345	61.945			
405	断面2276	1185219.8	0.012				
梯形	1	7.5	56.892	62.855	2.5		
406	断面2277	1185726.6	0.012				
梯形	1	7.5	56.868	62.831	2.5		
407	断面2278	1186233.4	0.012				
梯形	1	7.5	56.844	62.807	2.5		
408	断面2279	1186740.2	0.012				
梯形	1	7.5	56.82	62.783	2.5		
409	断面2280	1187247	0.012				
梯形	1	7.5	56.796	62.759	2.5		
410	断面2281	1187753.8	0.012				
梯形	1	7.5	56.772	62.735	2.5		
411	断面2282	1188260.6	0.012				
梯形	1	7.5	56.748	62.711	2.5		
412	断面2283	1188767.4	0.012				
梯形	1	7.5	56.724	62.687	2.5		
413	断面2284	1189274.2	0.012				
梯形	1	7.5	56.7	62.663	2.5		
414	断面2285	1191083	0.012				
梯形	1	7.5	56.676	62.614	2.5		
415	断面2286	1191891	0.012				
梯形	1	7.5	56.43	62.369	2.5		
416	断面2287	1193985	0.012				
梯形	1	7.5	56.346	62.271	2.5		
417	断面2288	1194800	0.012				
梯形	1	7.5	56.619	62.879	2.5		
418	断面2289	1195724	0.012				
梯形	1	7.5	56.578	62.614	2.5		
419	断面2290	1197636	0.012				
梯形	1	7.5	55.974	62.369	2.5		
420	断面2291	1197669	0.012				
梯形	1	7.5	55.974	62.271	2.5		